0010111000
0001001000
0001001000
0001001000
0001001000
0001001000
0001001000
0001001000
0001001000
0001001000
0001001000
0001001000
0001001000
0010111011
0101111001
0001001011
0010111001
0001001001
0010000110
1011010110
01011100000
0001001011
0001010110
1010000100-
1100000000
0001001001
0010110000
0010011110
0001010110
0111100110
1010111110
0010111101
0010111010
0010111011
0001001011
0011011001
1010100100
0010000100
1000010100
0000100101
0001001010
1001001011
0011011011
1010100010
1010001001-
0010101000
0001001001
0001010110
0111100110
1010111110
